1,2,3,4,5,6,7,8,9
0.13835917809267953,0.06951076149203451,0.31431923770150155,0.02439468549317653,0.08658471389104053,0.22695835400454484,0.06263433916465223,0.06143743907271443,0.015801291087656
0.09843482362294755,0.08479146244508735,0.17459757037880708,0.006469275777535293,0.015100064260737686,0.07431850593564897,0.01959823000346889,0.4841252863102456,0.042564781265521656
0.033064592633609384,0.14465305252348096,0.12430409545788626,0.006355558026259035,0.037874541547660595,0.13364408681539847,0.5040046589975378,0.011050836621151127,0.005048577377016498
0.029613060512564786,0.03519646291674695,0.03273083764246865,0.0075001136281837326,0.2865276106728168,0.5780510785695879,0.016682732038584586,0.009720028658500104,0.003978075360546433
0.11830539577561461,0.1950980011600765,0.11888560891168028,0.012720494471016834,0.1728511957515617,0.3307514859634725,0.030561604176947543,0.011582728550701344,0.009243485238928853
0.15467792429023483,0.19135379126619637,0.013281986874967209,0.004616950866509758,0.003756220652051751,0.05325289562885627,0.53288764443369,0.014840536546960392,0.03133204944053345
0.010770968745313109,0.020993732260026782,0.002433910484675487,0.0024210488344045414,0.001655806403733958,0.016598150114446243,0.9402939385251361,0.00245628552891001,0.002376159103353805
0.007518946061432028,0.013052806922662726,0.9550167356203316,0.0011810547072634353,0.0015847457797242995,0.007089938969999549,0.007979023408441569,0.004484678947291529,0.0020920695828530273
0.02495321285031694,0.011112038613044996,0.005060657954953858,0.0023260897080081737,0.0012233409139637726,0.006186207087020617,0.9363935772195785,0.004649426921765763,0.008095448731347288
0.10070396809799044,0.20114645062175154,0.4473711160569512,0.005936696770605695,0.014162433033621474,0.09259676133511614,0.06045740495246509,0.05444159983302718,0.023183569298471294
0.04178159916273458,0.22180453504568107,0.2062797100204984,0.008353943382934817,0.025169926508319118,0.1417663731058749,0.3306553763637488,0.01769637784940985,0.006492158560798398
0.08069575550436875,0.11529791276299095,0.15649663852321882,0.019772537556948393,0.22124031893296595,0.32792272237042625,0.052308612273301774,0.017689237982703467,0.008576264093075535
0.100984572148825,0.1799992782154694,0.3284834271930569,0.008152629121310857,0.042047087590723786,0.1318510503619509,0.08272351895079062,0.0948644117405493,0.030894024677323224
0.06506016507385522,0.2256075606250715,0.5854134358307275,0.006032845046772827,0.008531092215925457,0.038169685852686805,0.04339864629100797,0.015049906310122402,0.012736662753830405
0.018148399220037643,0.024075128550075545,0.81914470789759,0.0035775600201756073,0.029095457513149372,0.045842168977898785,0.011160591744156512,0.0440040538567196,0.004951932220197032
0.05808311611906813,0.027286620935882664,0.03162132704476739,0.008102935531377944,0.5934059406646547,0.2529154941667223,0.014176911554159026,0.008476566438667758,0.00593108754469996
0.8306045666512277,0.0683209567753262,0.008758715715573065,0.003481772099071985,0.0059134354819582275,0.04910026372521352,0.006984746748302751,0.017849054679139047,0.008986488124187427
0.0061026622720013945,0.0031807900111998646,0.0013103998995582455,0.0008350195904077914,0.001060607593717328,0.0052030721724293585,0.9787113389266932,0.002022177919765875,0.0015739316142268712
0.28331170959038016,0.25637477818495713,0.02384254040315112,0.02350475192954474,0.01740079926122609,0.3053941001192077,0.036008421925638405,0.031621652602020364,0.022541245983874414
0.04818015087236055,0.165743074095471,0.1149466788446265,0.004102549805517072,0.13586631041981598,0.4835394424903362,0.02122949116549615,0.019234675075356943,0.0071576272310196155
0.3888340114943112,0.14131669528428842,0.041743065180736186,0.006832350098572089,0.020685148425704764,0.3477216904227628,0.026259018173120242,0.017370164253536564,0.00923785666696774
0.28257313390162353,0.15465471571220027,0.022564682728351697,0.04231047942365045,0.02961609258810173,0.3708192756625689,0.04812947015842463,0.020304266633482285,0.029027883191596663
0.021178264215529406,0.03301997658790837,0.7983042228641938,0.0042528608445135865,0.031806491158382945,0.052052499399905694,0.010220705019534594,0.039378907320667754,0.009786072589363847
0.04534593866299255,0.03045327372844822,0.8034016325583961,0.006908889077872797,0.010454969274230452,0.03946244997445225,0.028229657558236396,0.024289661313583337,0.011453527851787774
0.058816132012278956,0.12691277242840418,0.5639269861915317,0.009001498535057124,0.007464427745384719,0.04745665051883708,0.13163728147271594,0.04311956484890236,0.01166468624688805
0.014857445693953088,0.019849453584097617,0.002946689215829071,0.002195906752491972,0.0018876715588931013,0.011208926052784165,0.93788781251617,0.004235992145666436,0.0049301024801144365
0.02055777340378513,0.692947293545914,0.20495254066076615,0.0026495990427131194,0.011732203305234687,0.02571226182813255,0.01651097827774703,0.018134842746030878,0.006802507189676442
0.028711370215024234,0.06576757577376906,0.6583570321862129,0.004212962308790441,0.044086081110373446,0.14313253712410262,0.021001942880705622,0.02742249969258751,0.007307998708434139
0.24024278489681006,0.24867993409177355,0.11276185584025711,0.019933850526392436,0.039029797976061376,0.25252160590892603,0.024329478060908565,0.04687458419642107,0.015626108502449776
0.04670483263202729,0.11591101731263205,0.09071713410388771,0.015494814571970088,0.10049622877184362,0.17965599231195853,0.04698875667366328,0.37573855552991614,0.028292668092101278
0.050807417079984485,0.27428266903790166,0.07277582793083953,0.016546590732747203,0.010725113963152413,0.21300209371397014,0.33895836642167215,0.01494094227764774,0.007960978842084535
0.42784226408177267,0.1635894397496696,0.08731788183731753,0.006249691809600302,0.008690535128470863,0.06832952482494811,0.057830618789789116,0.14828168704651531,0.031868356731916465
0.10348639634660524,0.09278883909076124,0.4109721054932534,0.017849935027371,0.09819704313746726,0.07336102297381299,0.03804587309875019,0.057959833415201036,0.1073389514167776
0.021823109774005294,0.009844502382455494,0.0033692738174445997,0.0059927364720273255,0.0030558465977767782,0.022861046811672916,0.9240732776652666,0.0049553749869965975,0.004024831492354405
0.13487668022092114,0.2523055269721106,0.18322355935087176,0.009148239000214478,0.06545717648386912,0.21283839203662344,0.03691965215046272,0.05679720435191769,0.04843356943300925
0.11050329766922529,0.09144955929035033,0.12570071340722594,0.015733690539193452,0.1553840093700482,0.42017324361498226,0.03813041952234381,0.03218009681350659,0.010744969773124025
0.014864195918546081,0.032648085010737744,0.005947349232649282,0.0016459526434043452,0.0017026577205754509,0.012592901981188318,0.9242672307869952,0.0026933253800538143,0.003638301325849829
0.5839344523010985,0.13211726018331918,0.013824653108415647,0.01031057207880554,0.012141138914695012,0.04370581083862569,0.03521527881857516,0.07343454258100816,0.09531629117545704
0.11403982974249226,0.5604760831034509,0.051356419776967095,0.015558616018718103,0.011831184292635794,0.06729258834607042,0.13134877043678148,0.029832220247605734,0.018264288035278426
0.007073962943216285,0.011229387233776695,0.0077764143546705244,0.0007821888290190375,0.0010429183618571975,0.006983751137285838,0.9610939263741428,0.002357040789312954,0.0016604099767186377
0.012665574532739764,0.015036396806044846,0.9200559113743103,0.0016801661833304323,0.0021522305142595193,0.010381814393542823,0.0083343576499596,0.006190517129808464,0.02350303141600429
0.07824440148704002,0.016883090792395132,0.003585389524221987,0.0021850977394910513,0.0021622342124081174,0.011924433750950038,0.8758168336468296,0.004194995882581014,0.005003522964082836
0.055461657697711456,0.048268164039526974,0.03940004221877805,0.01775366827418968,0.12280263671158712,0.6704317098449752,0.017690418377776768,0.02077227742667678,0.0074194254087777516
0.016145411361218574,0.020526685729100783,0.0047532777901311595,0.0020495997390142075,0.0026131560420119128,0.01818067945643006,0.9278311708146253,0.004913384133533373,0.0029866349339345
0.00830116382556831,0.018057314006191844,0.004597844745979524,0.0017332018133586302,0.0008604894196160877,0.008681057395022512,0.95269712577395,0.0022735526551415715,0.002798250365171511
0.43219882681173133,0.31112299404841975,0.04615087319748512,0.006708113363658715,0.005354354085025814,0.03488938308768491,0.13869960077838014,0.011744436120548492,0.013131418507065696
0.15167983227334478,0.13390679278886955,0.06091845911555803,0.2039326811892995,0.06713728448998324,0.2044349704985342,0.07945015608289163,0.0643676751968254,0.03417214836469375
0.010456741059545938,0.022549205912087835,0.9276103787239809,0.0017459163376575774,0.0022043061176467422,0.011161258283936725,0.009833845729892036,0.011552028378570936,0.00288631945668105
0.14270127595633328,0.3820684892863341,0.08116178789493439,0.03656692714430933,0.07196148334547772,0.22456376086039342,0.023398190625831934,0.023391454169981278,0.014186630716404355
0.05811731277258627,0.1376571114356697,0.37550565201913116,0.015349895909950728,0.11239135075466007,0.2034188192827145,0.0701427335233975,0.017536896116162545,0.00988022818572759
0.3752800376788706,0.22846170394100987,0.02274628378227632,0.012343665150607239,0.013922243335885142,0.0776536143594756,0.17340611246779866,0.022816716368317582,0.07336962291575894
0.04233117428604847,0.03204008331992962,0.012931642839913602,0.015761235935579102,0.00491036182930759,0.019578651310290296,0.8332534032714513,0.016726177153920902,0.022467270053559227
0.039804304425275654,0.7982605735026104,0.023733055775108047,0.007414316557443644,0.006133279057068385,0.033411956306798524,0.059874424347850355,0.014314321465752197,0.017053768562092914
0.26079160366118576,0.29026584202434746,0.18679470709198776,0.009298316991850965,0.008886530641836123,0.033355752082932066,0.054131400130949935,0.06755926833884941,0.08891657903606058
0.02947407983350502,0.031709329264995464,0.03609658136669662,0.008916591864036545,0.2505712967860588,0.6125499093460423,0.01559253015558273,0.010428140860649453,0.004661540522433169
0.009426680831447693,0.005833823084304334,0.0025882662558054923,0.0021227020047437537,0.001184672561084442,0.004381289322287426,0.9640940279243151,0.0075963810734113475,0.0027721569426003754
0.19527410728692926,0.10592648779234265,0.1752614236920774,0.03493000444543557,0.09971041255888988,0.08751025042333037,0.18389964369332895,0.044439848272963774,0.07304782183470204
0.03183739370390148,0.02986579185565527,0.02977176061862959,0.007218068590900926,0.10454732525737584,0.7714128484487155,0.012983209094539996,0.0076282261063521884,0.004735376323929011
0.06453557500508725,0.27537417224619004,0.16141011425597376,0.00872284712527616,0.017182537668113534,0.12140377790905418,0.31799931340132487,0.018559309343406553,0.014812353045573622
0.10772361407300748,0.11922306156078866,0.046420416493676724,0.009781826388506198,0.02248479974371443,0.6252013271226021,0.0276812828836299,0.021587519871953873,0.019896151862120605
0.04841644831193308,0.09285715726663507,0.6276305916466355,0.008303064034853773,0.006438156867710652,0.05458737083991349,0.10522676525516803,0.03963858540918702,0.016901860367963404
0.013521770317277098,0.021380067542195673,0.020637226642249873,0.0029113022049589493,0.08404616012312524,0.8408855991444842,0.0075077602928828304,0.004887332306232075,0.0042227814265941134
0.2278747188789087,0.2067617442008896,0.1430540981302527,0.025399952770535063,0.01591379631833535,0.09065323871971506,0.1645739738402739,0.09309404185336664,0.032674435287722806
0.10642985007583076,0.11016134624172987,0.03423890348995546,0.014842518800839638,0.006910617178707955,0.04445062980989312,0.63705167365202,0.021274122565568623,0.024640338185454594
0.614677421177958,0.17712675950442477,0.018802409485581345,0.00690093066270251,0.015761144834825967,0.06667832843953964,0.015141654416839085,0.05342959310276498,0.03148175837536349
0.08191094901238338,0.019756515069618695,0.005704152981177409,0.004832297952708173,0.002522029460671113,0.02665599184809777,0.8425507973032684,0.0074062702518795116,0.008660996120195694
0.2650324141775567,0.05066098499550949,0.008101921451601095,0.00927550864270105,0.00788760582563513,0.060932585484491146,0.5782694083080506,0.009020115025889909,0.010819456088564846
0.0336998301478976,0.04579910459294344,0.6252996446493242,0.006628683654545099,0.009370809997842249,0.02802414165337252,0.030810552719862175,0.10756248688505254,0.11280474569915995
0.10036109109001436,0.34780860743218395,0.2296308522220597,0.012823181077696127,0.012150591943228069,0.07086404126797083,0.1742758508224795,0.0299689835112273,0.022116800633140254
0.040118972128241046,0.15524127566477927,0.23200148041749497,0.004317371669787323,0.0504927988642176,0.41479711553189813,0.07951616128862654,0.016149341200621996,0.007365483234333037
0.012765404711164555,0.03444198335469938,0.9119131563494924,0.0021301217680471454,0.0022484124423029946,0.013242043195825124,0.009094278964281631,0.00950118080589904,0.004663418408288086
0.04202179247114993,0.8180558700265169,0.03786145247025433,0.0033163040778482486,0.0036067724358303283,0.020010022786306307,0.03272267226538735,0.013953931230276695,0.028451182236430044
0.012091973687151952,0.021909729800504638,0.8973581899260312,0.002734650229567075,0.0020422599832381175,0.01834584662399826,0.025902470128675373,0.016778448855607253,0.0028364307652261923
0.018688779780499872,0.31765137760213213,0.6226716741473904,0.00309104329314572,0.002481756129436872,0.013288500089025762,0.011871533004886883,0.0045539523030489245,0.005701383650433434
0.09764536157506588,0.013111303805252003,0.005446277212737992,0.008766982821241779,0.002993580407671932,0.016088547016711172,0.8434525070872919,0.005318496604903659,0.007176943469123506
0.027799445592074704,0.11553404002785243,0.7878230251204139,0.002086408744123228,0.0036869390984732003,0.013120135630126787,0.008448126209966312,0.020503865835498583,0.0209980137414708
0.5766518422057276,0.10064005816224003,0.011391746992146453,0.04677219949528924,0.00795715968496441,0.0359236417860273,0.04301904833832341,0.1036002184073723,0.07404408492790905
0.5190793366423083,0.12352841352679833,0.04372782114023957,0.016750611048908445,0.02248292967241474,0.2013611914657223,0.0304154092510972,0.023613291259090653,0.019040995993420424
0.2562645562354274,0.08022500002616507,0.061137605493417325,0.0048630123170101056,0.005211525760913061,0.0436858974367723,0.5009821291226269,0.022307458792572378,0.025322814815095587
0.035908410894203394,0.010151178569579103,0.0028846798596958005,0.003102436651818307,0.0018850832811016973,0.008310581198228108,0.9254221741604681,0.0052528005141536825,0.007082654870751499
0.04272742376420144,0.06906009502221488,0.7704925682122233,0.004890677847338617,0.003963318533548302,0.020517189775678076,0.016602545107071973,0.06321559196835366,0.008530589769369792
0.05385098198383959,0.04285967980657372,0.05277153362392613,0.00754923961374099,0.38962192106616184,0.4176375777248771,0.012902981207984632,0.014501632425263889,0.008304452547632188
0.6349901112472931,0.14514385091308804,0.00845695683090099,0.005160197254406676,0.004130238263674367,0.03144545945531517,0.1414380549433341,0.014411220235297862,0.014823910856689743
0.049644084256706605,0.020084839988500885,0.020014058019041412,0.003549950849119339,0.001983387861398412,0.013637332845214937,0.8802591119030948,0.005249815640643412,0.005577418636280328
0.027615401605783355,0.02377681160969308,0.8739391976347392,0.003230742708630393,0.00323187732279019,0.018554629730463432,0.009382885577523026,0.03647312275833861,0.0037953310520388744
0.022783748659433008,0.03141809328380183,0.029755322180743077,0.005088336538515276,0.10452146654730655,0.7816849102699661,0.012327135980121069,0.009015077524726741,0.0034059090153862616
0.022013498842457555,0.02083294849698438,0.03904144610668463,0.002166708083786888,0.6259480089016833,0.25633168419566715,0.019268582928975236,0.010627670513477766,0.003769451930283045
0.06576780690724844,0.27600097618556646,0.02375046374814497,0.14281762457253253,0.02283219022304537,0.12581956313146453,0.27280969361229923,0.02729165624751008,0.042910025372188444
0.08198029062289988,0.1910679067285163,0.21573150992071874,0.011314828558247048,0.22693824678797522,0.21528690540668066,0.028524448701636534,0.018648592436731153,0.010507270836594291
0.12059671819605366,0.6387652622174573,0.0570577546437697,0.00493416470198583,0.006168966833298751,0.04810563103435408,0.04361790089036322,0.04483901238928254,0.03591458909343495
0.05888813514958818,0.09447535803327857,0.17394181128855546,0.006321605075313404,0.0154278700363869,0.056254292513856,0.02022010490811363,0.33092508131868176,0.24354574167622603
0.01652260093307842,0.021526985427575522,0.029256053540949838,0.004309806425628926,0.27335667609318737,0.6299917404958426,0.012368848267826624,0.007701360959801254,0.004965927856109464
0.02096305287591646,0.12093304943498855,0.7486111995354476,0.0022921087272163845,0.009014454143796376,0.04463679471767602,0.015273750049986032,0.03209133406764427,0.006184256447328076
0.05510243849306534,0.014664154318575751,0.004157408019685264,0.0035786133550695072,0.002079392360327754,0.014601145052665654,0.8967804999637188,0.004213720860491948,0.004822627576400025
0.12725107949363418,0.2283648791162633,0.11089857961876216,0.008192601982422035,0.010015839079175767,0.06580363412286408,0.1770837325956025,0.03696373527864999,0.2354259187126259
0.04157925220030147,0.3401003869587735,0.1277949100377754,0.008703090602978397,0.16018808349319538,0.2569988162884837,0.03456248839343466,0.017845283712020064,0.012227688313037574
0.010930179523750985,0.013527581181774535,0.9117628096519295,0.002878433209288105,0.0054080926092990025,0.03709392937450691,0.006443838983427938,0.008802386324282074,0.0031527491417412076
0.19683447350058167,0.13922115818964972,0.02777858177048479,0.02711217625467959,0.028259763076365036,0.5378283011108597,0.01647692649856178,0.014925669157731495,0.011562950441086196
0.07547701479596933,0.2550875852784336,0.3646846151550447,0.010512713761034648,0.010496934020141176,0.05109434172318663,0.03850302219169416,0.10094042555137826,0.09320334752311733
0.03764653167266609,0.04325516904846682,0.0697405090263201,0.01988821909772765,0.43658607215635875,0.35673750607732924,0.020201068573564483,0.00988427263062977,0.006060651716937226
0.029119832965397708,0.019336085689012766,0.011879091971753351,0.0023262275704316834,0.005892702316405277,0.079073556346041,0.8414784728665047,0.006697013978078282,0.00419701629637516
0.04135894004598033,0.06336124382093213,0.012811050653892616,0.004207956124480157,0.012498933995990738,0.029015902477283712,0.011101813312068484,0.7553202654357236,0.07032389413364817
0.07710051963429018,0.050985735967131074,0.05311860239174977,0.011870428204914681,0.21741631244397566,0.5431315717761244,0.024956299677864956,0.014495629013017276,0.006924900890931938
0.11497571282676358,0.14903963814616958,0.13723665494376178,0.013574711118768505,0.015192568192826142,0.07366083905979781,0.23816068501528578,0.043714291680891505,0.2144448990157353
0.023802551978791473,0.02415905119932763,0.8461180451739737,0.0038408101027538467,0.008094240733232939,0.03928404227609452,0.02343269208669153,0.01598573981167897,0.01528282663745542
0.049476537168674804,0.11893581169310151,0.11404107171532205,0.007141750633740105,0.007070272961894849,0.0357877582151964,0.6119901334369889,0.04185972121122995,0.013696942963851481
0.03061192314717107,0.033812089662442917,0.044620931543255214,0.00402398004814456,0.018495848007557013,0.25808597954225165,0.5924306180777886,0.0107824966355431,0.00713613333584588
0.051583208097555115,0.06755527487016069,0.05561538166633331,0.011092717358698377,0.112940837602399,0.6561639230958756,0.027105258318143595,0.011274188883134764,0.006669210107699648
0.04059339635756851,0.027090291182597738,0.04735897131690567,0.0017962210712364236,0.002807270178275041,0.013063293678682225,0.007701813862876089,0.8520181782334586,0.007570564118399726
0.035951428281973064,0.04202628029688095,0.06286466918263679,0.0072227990480614596,0.1903630964181347,0.6248809453945334,0.019204170841483903,0.010776125192105168,0.006710485344190498
0.016047685663681865,0.03285387961600103,0.887958903914066,0.0031657548486357747,0.004639255862815725,0.024226029969407696,0.013675136378829928,0.010068071677316787,0.007365282069244856
0.12679972038810267,0.06756164747400094,0.09083688876824107,0.015947231873090877,0.1800417321687018,0.4663799954047643,0.022868164335487398,0.018568686941246627,0.010995932646364006
0.037260453324772125,0.05983768071358038,0.547929721732753,0.01242006475387091,0.009276492696427533,0.04446683815723409,0.037622549370840995,0.23073449378631644,0.02045170546420455
0.06429902899320716,0.5130768632766491,0.0889078715168368,0.007548969709900697,0.06418200326189967,0.2113086967093932,0.03274961180306014,0.01128799689490191,0.006638957834151294
0.02185280832674835,0.06017916487784688,0.8386158540798995,0.003877079544599228,0.0053239551498136545,0.01939714010987658,0.012117980356640386,0.027593203848184547,0.011042813706390915
0.21696144649998797,0.09284473767456998,0.0393023169437828,0.08752516252630071,0.0325142775990923,0.11317576532535562,0.041010351454484555,0.04119454358344071,0.33547139839298534
0.012611704356008746,0.021440399594767377,0.8502047182662748,0.0016589835577969238,0.0037117669966322854,0.01888458724518752,0.0061978305648803834,0.08192707023805501,0.003362939180396996
0.06989759116935619,0.06149485839335444,0.04792404728676849,0.015329572289080114,0.21341260356104835,0.5497637573936857,0.02938150555332729,0.0077748462826332885,0.005021218070746041
0.12926674200967386,0.0904111173487325,0.07166431990116082,0.015919100811995535,0.11101766524895995,0.527776546913989,0.02944950516804483,0.014213114485383385,0.010281888112060013
0.004127440999620541,0.007067852105164244,0.002515436014355148,0.0004608651914431058,0.0007764603146345363,0.004273097767483359,0.9783300414840758,0.001150125098137377,0.0012986810250859597
0.014166915704804104,0.040532625716059166,0.014121048442964296,0.004041773972869122,0.26549843063760603,0.6426941641471072,0.009948736839793818,0.005839581961134537,0.0031567225776616766
0.6237426491386048,0.17388715833533408,0.012246392402431278,0.019130135998733963,0.008714582031728361,0.07818781495471047,0.050603158956620604,0.018240512581219198,0.01524759560061743
0.025247602529752337,0.03932508784250409,0.21689717802162176,0.004821001731847918,0.546872701593543,0.104347037070126,0.022921255927220996,0.034222327963445626,0.005345807319938325
0.02996417722607333,0.005741427483615552,0.0021740905747413197,0.0021118934511557322,0.0012475219971179933,0.007945969979471135,0.9447824544800597,0.0027236186495645806,0.003308846158200555
0.2328661458705234,0.19636738009068277,0.061354933912728164,0.013971472288020287,0.060267355960310055,0.27859804500773205,0.027943996904608363,0.11090969540225876,0.017720974563136194
0.08720650938261573,0.10128997497548678,0.24630288648602955,0.01598490682537855,0.1085526420149574,0.3179747076454431,0.06203342505443455,0.034248216985305655,0.026406730630348603
0.07035624681997547,0.060385649025148494,0.014931871775255123,0.007722885449023414,0.024505241410988175,0.0846497678952314,0.6927596593604112,0.02446858470009067,0.020220093563875854
0.10745860670793694,0.22247654957598417,0.1350716415232397,0.020302525777429158,0.022228559771022414,0.4226547794349943,0.04161919369295537,0.020290328417663643,0.007897815098774427
0.025182339927804512,0.012759663085908729,0.0034339694673864705,0.0034787788389237188,0.0025381033133853024,0.0077250272708849444,0.9286762887085159,0.008542396878705989,0.0076634325084844685
0.02189028406554699,0.016460110261099822,0.00805447474912997,0.0009843772389251909,0.001748689734190701,0.007698881758397699,0.9340323035489693,0.0031278348876874495,0.006003043756052963
0.04919331819298289,0.054340984292001564,0.01080793212887094,0.03354250576031363,0.006079988672973449,0.039511284930415294,0.7734420891212356,0.017706273268998002,0.015375623632208612
0.10212690050512846,0.21766968070989234,0.10437540310707309,0.06509627798168298,0.09922859507268267,0.3109922476911279,0.033316000403961606,0.05200444684860913,0.015190447679841831
0.05882041301879937,0.09903963461649169,0.07365334747647277,0.027402822683606658,0.0061851614552906635,0.047293641093908094,0.635113414305641,0.02369626707164161,0.028795298278148022
0.019927306162551874,0.008228145473836785,0.0019804263863048384,0.0023175005330083108,0.001901296576469864,0.006116465360080113,0.9498469873634116,0.0048807307163354925,0.004801141428001188
0.04562482867552714,0.045310191343622956,0.03865849042055696,0.007851100804329852,0.09294562842621618,0.7321818344185498,0.021134099949093106,0.008250821565016993,0.008043004397087076
0.22319176716037317,0.0667823463580486,0.6414705900744019,0.003897095005073284,0.007254851860251735,0.020584664350142626,0.013068924321264289,0.01420819489328428,0.009541565977160093
0.09482310271360013,0.19297666406542657,0.23064821153324716,0.007711318906646421,0.02862193312951721,0.11536174723751508,0.29329289334113334,0.018842793605505472,0.017721335467408672
0.01689432257688917,0.017068206080053636,0.6652578838776768,0.0029809053728784,0.005008556916586707,0.017316533715482516,0.006878096745387724,0.26392097680915017,0.004674517905894993
0.016762220394813027,0.007142157680868156,0.002338323466383284,0.11633686198078873,0.0028202451579363882,0.013267617447087468,0.8342517656266285,0.0037027433578663274,0.0033780648876281425
0.029162570398563906,0.02049878614307485,0.033298168278123534,0.0027600571659571597,0.08974816773158688,0.7739595569451503,0.04162238881508306,0.005051152747818099,0.003899151774642092
0.13551547342989204,0.04249024920772596,0.007323733772566181,0.002465130903962893,0.0025480498238181506,0.015243847448585179,0.7545222131043879,0.012679460851350107,0.027211841457711515
0.009037818928700876,0.026579537197886777,0.019180853225612585,0.0014775771164249503,0.001361238185630886,0.007935338756990368,0.9254670939326222,0.005975579368577778,0.0029849632875535463
0.09503169860031065,0.23907226875998375,0.05169179830651509,0.020015753168388172,0.03344301084327929,0.5207791822729063,0.01703912707004478,0.012657379140206898,0.010269781838365091
0.09646693326454217,0.0662663454330517,0.03037065069218422,0.013729762716970474,0.08281195772576776,0.6551518181091514,0.013963969334467436,0.027151844949243564,0.014086717774621432
0.07360185817690382,0.08088316034807491,0.01625895546000753,0.017181377024225182,0.015153286719805294,0.07436646639330988,0.555832361643755,0.03912419161970827,0.12759834261421002
0.018029008154345043,0.023736472050078176,0.8251238760832181,0.002381914347655058,0.014930883054326641,0.02022679497713575,0.0097787694316622,0.08132579264129998,0.004466489260278887
0.08980256717207295,0.06023741392143837,0.028107840037886318,0.019227365892627992,0.13211242116963978,0.624234519877166,0.020355580095262487,0.017152967058285635,0.008769324775620209
0.6581401265280884,0.08666472495364047,0.019789232593582534,0.005011735669462279,0.00626231282426598,0.07850912948205299,0.11260026635876942,0.019964979960924625,0.013057491629213522
0.051835536649943725,0.08043822024395757,0.16425617266038445,0.003832722769961407,0.3156994913510046,0.2945439716462838,0.06681108890780292,0.015128536330954645,0.007454259439706889
0.2527183532109964,0.06730100892321814,0.01292298520033944,0.07106454953488454,0.00977392215409449,0.03733841723522508,0.12833840441740327,0.04387491120143406,0.37666744812240455
0.20095318025739856,0.07567251156027681,0.0683174876242766,0.04677346368129392,0.08365225183225264,0.4528332938873006,0.03658384292500649,0.019446744759612535,0.01576722347258189
0.06432388740021189,0.08600453944321697,0.025607669572218307,0.08973455501643478,0.06002150284752612,0.6225702486440275,0.021074000471414073,0.01861158158339599,0.012052015021554363
0.2933176989053541,0.4580794900453826,0.024193091383402903,0.00840036091831063,0.007731768946192267,0.08162223580357011,0.05068649438694921,0.023281868415852745,0.05268699119498529
0.018486301228971616,0.04530992066371583,0.8897870953732852,0.0025266417174077027,0.0027255576455121927,0.01535785922316648,0.016586718229875314,0.005643824756014821,0.0035760811620509448
0.011441460102623424,0.015233236235441662,0.9078026438390204,0.003377468437794208,0.004508863025437421,0.013262565719268465,0.007807391025935424,0.02682150681849769,0.009744864795981429
0.03363797344292983,0.10290997188292446,0.5653914703300724,0.010833717347736884,0.07158036148647404,0.14393208512832914,0.02700066685793265,0.03515673760457085,0.009557015919029818
0.044913398090395636,0.1993905258353591,0.04236679000966317,0.09402456103211983,0.48883908791381714,0.07536225532455289,0.021059673399920747,0.017462233549210664,0.016581474844960774
0.18485909444277826,0.1234451125676333,0.08720717244563438,0.015781000680620043,0.05467904470126786,0.43023809106207156,0.0664127974902301,0.024637309885812444,0.012740376723952123
0.022715860519664212,0.3792983625619925,0.49118979631238363,0.004163631061961293,0.004429809692083676,0.028369045086588437,0.03540845674228369,0.023228847425786604,0.011196190597256031
0.8350026669237979,0.054664327203565934,0.006540491554433926,0.003234919619976324,0.0033151712767629793,0.06596014356767595,0.018814098132475348,0.007546097904261502,0.0049220838170503396
0.023447208242311352,0.044043892383485155,0.3604739204418396,0.0067706474510576,0.004994525193403413,0.024221134484589808,0.011771280359639312,0.44563746540400434,0.07863992603966943
0.8501304025802423,0.05509258358032016,0.010176427177980228,0.002244226679368494,0.006384204762585123,0.04107551749285572,0.010094567215633725,0.017759639536807766,0.00704243097420622
0.051081126279982576,0.031843892149129804,0.8434054565839567,0.0025175208417523237,0.0035717785814933212,0.01673102192981385,0.0155003817309908,0.030752272682880773,0.004596549219999609
0.03658365722340042,0.39825526618711315,0.4201885710545855,0.006620509673020414,0.016993489529198935,0.06507530079206629,0.02979481866942571,0.01966632988514971,0.00682205698603987
0.14529066500183382,0.18919657432048373,0.11462533386823835,0.013187675913916194,0.03278529022032954,0.408957464579861,0.05503855295059982,0.02644236002282613,0.014476083121911187
0.10502814904413103,0.1301230407222767,0.08921057609088806,0.0467651731856788,0.14532618759581306,0.4055857965874183,0.0354731204522988,0.030048688802787667,0.012439267518707518
0.012993967257452891,0.01635951899011868,0.8369496426420927,0.00341026996284687,0.026402833733677855,0.03470998491446485,0.009419037798002189,0.05716977331128443,0.0025849713900594337
0.08513049992910982,0.14386416881191086,0.032714380082485686,0.011204115755023709,0.058317932021007796,0.6127101686217499,0.021136362799368247,0.023428392052724224,0.011493979926619937
0.010825646285654836,0.01797575976417493,0.9055935580679924,0.002290767035755248,0.021165001442187407,0.016633975389649783,0.006540602734911169,0.015805529894624994,0.003169159385049198
0.018990505378408695,0.022385434204796804,0.8753395547866991,0.0027231197383624467,0.00989491084992117,0.03123004571412654,0.01144361430431424,0.01812776891604479,0.009865046107326272
0.012927796782558655,0.0196183370886434,0.013747329282922981,0.0009606986620863314,0.0020041184687213044,0.007563757350250164,0.9374127818846894,0.002942314558333845,0.002822865921794151
0.047224824140670786,0.07226053109455054,0.05129438397028161,0.004994015120681873,0.036840278586336726,0.15368864491325498,0.6197156658550786,0.010251369665262395,0.003730286653882412
0.12018425271910839,0.32629613525246737,0.14110588174018096,0.01276144991967344,0.11970553990441907,0.19423115414626732,0.0393318774022154,0.03090635745441291,0.015477351461254988
0.11022553597767802,0.1345719086939653,0.1250802264035112,0.02868345030675124,0.1493183504793947,0.38041250210127203,0.03859054231126854,0.017838922334841408,0.015278561391317476
0.03820181750373752,0.8862237079676144,0.014438545554078624,0.0015187311319874463,0.0015423050172537675,0.012936579826067678,0.024972604908845432,0.01167658638562375,0.008489121704791418
0.03360630075736309,0.21426435378093023,0.4011645579398364,0.004213250804907339,0.08834970979642393,0.12472748552801745,0.014956699917793203,0.10944134586113771,0.009276295613590628
0.018678394997807976,0.04417337247728846,0.13607699912503168,0.002880684419300231,0.4562892860349569,0.31320438508640586,0.014928098374862529,0.008271690543322024,0.005497088941024278
0.05193834093943388,0.04705197629168155,0.05614928414280748,0.011479248115483976,0.18288777621415256,0.6151097728265642,0.019335230394036163,0.008408534763483447,0.007639836312356745
0.03908960816569576,0.036766103454373936,0.014953874816568319,0.008742790639405317,0.05965019245652224,0.8183655676891591,0.011150393689335276,0.006645454537057225,0.004636014551882646
0.06233451837718119,0.15981459780301968,0.47078044559678806,0.01342743685623962,0.05233709850414355,0.14338618605071157,0.03061957408946417,0.0502689859942949,0.01703115672815727
0.020168539908937407,0.10962201307621876,0.005887481944571047,0.003160723195997805,0.001471311595730452,0.011414939562025092,0.8363057990246646,0.007634869569782101,0.004334322122072689
0.08304530402513631,0.5642244902878933,0.06377359201300117,0.035381205379510346,0.02408475717461408,0.16809499624307905,0.032672012865621304,0.014825826775007048,0.013897815236137187
0.35848975894677426,0.13622298532875912,0.08005590933522296,0.014983812136753809,0.011013486119391956,0.0822911573254774,0.2510071623459299,0.02424339839918674,0.04169233006250393
0.01810097417179462,0.052852813232003304,0.7581887523342621,0.007838733566909574,0.01212055431269294,0.10441253401959796,0.011976869935378678,0.03018670880120357,0.004322059626157196
0.016389102768231165,0.10238413835436867,0.7303950850645322,0.0024235643959737247,0.024232521872261697,0.046425151050283005,0.013836615489387845,0.0585693618632584,0.005344459141703615
0.01361677743766315,0.04131122914348132,0.0236798350412835,0.001424728323092296,0.005987796385421495,0.03811686608015496,0.8685113399505976,0.0035647578833837507,0.003786669754921897
0.029274106610324334,0.05138816330376259,0.07938413710588933,0.007726137913304315,0.3221345528389606,0.47003635731065097,0.025179051218805225,0.007675705804703652,0.007201787893598942
0.05650056534388076,0.05051099354437086,0.022864035470769543,0.021524855043493076,0.0375319167207674,0.7719333550670463,0.015044004503859997,0.013872799776689584,0.010217474529122398
0.03367068767470349,0.03365137288376989,0.0907519229165742,0.006171519491751229,0.41650361674800074,0.38396813294022963,0.023190071727957055,0.007450930660416906,0.004641744956596799
0.056289745771669356,0.030424060620494433,0.05014474144300764,0.005864661381550625,0.30428222251910636,0.5102144058160832,0.02628745119298574,0.008451155245855045,0.008041556009247443
0.0592648644560024,0.08873476321379752,0.04132054583401092,0.009660834922783813,0.04191572628976073,0.6989106127982794,0.02277592234692543,0.02827996710941693,0.009136763029022922
0.06877506032353711,0.16660651415952094,0.3410427195104048,0.009801396038098209,0.014539847569798656,0.057469291200843355,0.311605113189236,0.018330811052347903,0.01182924695621291
0.030015886295489326,0.16071400651181272,0.47767042525296466,0.0051645353556730375,0.07276542899680813,0.174423217977294,0.02362313993113987,0.04733108441347886,0.008292275265339438
0.026456440268803574,0.03276461996405241,0.13293832310913217,0.0036812275858946852,0.5314446602252575,0.23380628305249485,0.020413945794610047,0.011578939170725566,0.00691556082902926
0.015351940526876984,0.016451556007395927,0.02770505696401655,0.002370192039212457,0.29471491514105774,0.623162927768226,0.012564820905374374,0.0047180135926464094,0.0029605770551935093
0.13788207022966037,0.10244680466661313,0.0955940363488994,0.004605109426999418,0.011865530837500401,0.04537739570650071,0.034117623185445166,0.41212586599506185,0.15598556360331953
0.027083249654668882,0.09611386845184225,0.07997743591195115,0.006273504647819106,0.11417857599924179,0.16224187719779545,0.4980905213875659,0.008706148615647571,0.007334818133467925
0.020907645585549046,0.01226443096097407,0.005859672905650173,0.0015426601284175092,0.0014189099655060337,0.013017777602733097,0.930721229144798,0.004202556188209889,0.010065117518162232
0.7904626935537293,0.046399155150521246,0.02097503957311416,0.005515533711732312,0.010054717934139104,0.09896663277065841,0.009250308818317867,0.011313501281484738,0.007062417206302856
0.6204963140269778,0.10766559985169519,0.09004359214032406,0.007316838000942329,0.04605961106646613,0.045876355094206726,0.0250266265249206,0.014823923047175017,0.042691140247292314
0.0895309971993995,0.2241264206169528,0.11082740629317132,0.013178184703123843,0.15041800132011113,0.20361024753970383,0.027924121990185465,0.15486506028428865,0.02551956005306341
0.8284030250251111,0.07571175756271234,0.008245363950963308,0.0032283309482677683,0.01284099875023101,0.035117044318720696,0.009329031448806464,0.016492288461819993,0.010632159533367162
0.011252108949847758,0.016753466909673366,0.9434447366566575,0.001484349858374193,0.001930639494336273,0.01139891052963415,0.005695100888147135,0.0059757805716273635,0.0020649061417023114
0.018692616302930995,0.03182438475598418,0.9023267584371548,0.005186738035000575,0.0020800057526227963,0.012529072610284242,0.012582957915722552,0.010208313102033056,0.004569153088266961
0.017830667844717978,0.008880595870321823,0.0025615263304956753,0.006610332243179303,0.004363626975354169,0.011307506024319472,0.9403902853442813,0.003327583868210799,0.004727875499119463
0.8034833157691059,0.13330055465903706,0.005049867999383065,0.0020402963058997214,0.003722380199464201,0.023253440189498056,0.013176462517090032,0.007869192641401224,0.008104489719121012
0.16015494157751967,0.2076287620470552,0.11109409625719864,0.01080754647598581,0.02390680787020545,0.28947523648187035,0.019529117000515944,0.14762542137724177,0.029778070912407226
0.09299918653205029,0.07750794010477434,0.04846532970340342,0.04716370197951399,0.02005230077563385,0.6591514568191208,0.02838166704500803,0.017748102301648375,0.008530314738847043
0.30786513008289307,0.12525953120364217,0.05659210580929129,0.024439597433787975,0.01688521430974491,0.37140798995116187,0.05120399195590195,0.028671512678321166,0.017674926575255615
0.04631571843081165,0.0873459843055978,0.0712940390454206,0.00798258912444523,0.3548037348564218,0.3659487982343811,0.04781772499495478,0.011096136180026183,0.007395274827940955
0.07864761657391232,0.30503902132725313,0.38910316396894373,0.0037050895297988263,0.0036682419975746935,0.0350550171615632,0.15611226034360665,0.015122224799187765,0.013547364298159689
0.01459547941680445,0.02795228579591368,0.7743709534077456,0.0026804526241253133,0.005927326020432715,0.025389276304770506,0.13205587464474017,0.012509666722156821,0.004518685063310634
0.011289677185633389,0.01567520543942487,0.03158781169694413,0.001277567156734022,0.004167021907238923,0.011014185237728876,0.9210804484341178,0.0023734397249467395,0.0015346432172312012
0.24701370799296435,0.591981892999334,0.029180223952668893,0.005052940282286142,0.014743300633585277,0.03943873788384577,0.03257005176835446,0.016937000965060112,0.023082143521901008
0.20407048722890342,0.11494908570400553,0.06257183752067359,0.03187059477236499,0.014604193146390124,0.07412479824447264,0.2397633266244846,0.20984538236021552,0.04820029439848964
0.026329733780305137,0.09993997218579083,0.6097490508018524,0.004598025909109085,0.039511337167270975,0.08708972105164518,0.017498941420224182,0.10695873714810189,0.00832448053570028
0.09372370987373349,0.14882696889162172,0.053093532289521676,0.025619839902954748,0.08051580346005646,0.5412640244146576,0.027380434217515258,0.017751370646165124,0.0118243163037739
