1,2,3,4,5,6,7,8,9
0.13238758338584014,0.07438255434420499,0.1724773213151535,0.05589978267220568,0.18539554661752003,0.22514881566567324,0.06296486843813831,0.06694848111456213,0.024395046446702037
0.11830430841680305,0.1048601867196665,0.15681453348391286,0.020147038489309033,0.021218471075635476,0.1033850062785071,0.026604199375719378,0.38522668468514837,0.06343957147529827
0.04496790765028663,0.13378446662074822,0.15305250080353114,0.004974355628127206,0.03848623314191883,0.15525137803231903,0.44671748827768737,0.01642096518679659,0.006344704658585048
0.028799750624896328,0.050441267716173147,0.04496567024649615,0.013220597410596458,0.2719928640637517,0.5537304754059077,0.021098255067300443,0.010686383466518295,0.005064735998359741
0.10599921741063749,0.15549057012427045,0.18732875566251336,0.015655860541922306,0.13900412154668254,0.3477980877901384,0.02616701203991117,0.012709021018252577,0.00984735386567186
0.2118016953687901,0.2649691856867611,0.014690624326207814,0.004598102224540251,0.004079612352555095,0.03671931234968581,0.41076848011443456,0.01803492837935254,0.034338059197672785
0.011608146422758606,0.03538839987129493,0.0030647550891616656,0.0022394292673908315,0.0017171990625583862,0.018120837470905853,0.9229379785095284,0.0025556376894013064,0.0023676166170001948
0.007379779776996707,0.015675101621434165,0.9518447418706767,0.0014720674355077374,0.0015649354640040487,0.007434011851703557,0.007132615013279439,0.005281289550040704,0.0022154574163574066
0.03674745287048527,0.011087376118021167,0.004160517705465993,0.0018461337402580782,0.0012696111713250688,0.005650565062204757,0.9250224145778553,0.005212580281629578,0.009003348472754854
0.09653471175826879,0.22621278771927286,0.4011767264843493,0.022458403342656783,0.01395076486892732,0.06770998405994497,0.0509922295915589,0.10122532382274349,0.01973906835227764
0.04637595860990445,0.2787797664313338,0.1989409617578652,0.00660959224995438,0.029419998951991783,0.11395547988144172,0.29973459939893426,0.0190073527294416,0.007176289989132848
0.07208247235836258,0.10545245061481513,0.12498672078947597,0.01567066990795155,0.29808794803510474,0.28544237700837816,0.06718109980246062,0.02322061588610599,0.007875645597345236
0.10086064104580159,0.22730142138506942,0.3389814795752771,0.007159290525671002,0.03188751995329283,0.09779144887870393,0.0880508438295412,0.06995165378535098,0.03801570102129212
0.08468744861595551,0.3604536410654159,0.381366758466084,0.00732723184428592,0.008992260002768858,0.05793415322667684,0.06646100983476536,0.017986228459962318,0.014791268484085428
0.025322574566902383,0.030819973405522234,0.7446925186293741,0.006300997890316753,0.0372939662922108,0.061672845775898204,0.02201770350454027,0.06465276058953912,0.007226659345696231
0.05514932939049535,0.020275290812566384,0.04189868786432893,0.011661616208065556,0.6126806253993741,0.22948892365429466,0.015602034846722316,0.007843734702614286,0.005399757121538497
0.7971588440192348,0.071771392555851,0.011804810183099992,0.005080953837334527,0.011146539115415448,0.06194964379321111,0.011646854582866552,0.019502957089920312,0.009938004823066646
0.006564179490793274,0.003892013984687858,0.0014417704653661718,0.0010321134507961858,0.0010468099370125562,0.005167255043711836,0.9766821853135528,0.002239918410737465,0.001933753903341833
0.3217103102250355,0.27248259277469566,0.02160054152533341,0.023311041929268774,0.0165108465697835,0.27563575160066706,0.030068031342523928,0.022169833262573643,0.016511050770118395
0.06146345386342962,0.13633629749218754,0.17965217677909764,0.004409825373576404,0.16100127609835116,0.40959257272880273,0.019854070348221724,0.019586767904480946,0.008103559411852259
0.33634625187633027,0.16351156634598357,0.03786116763879168,0.01654645964877587,0.02785704322719969,0.3597536288005694,0.03054182692494739,0.015104945485467387,0.01247711005193473
0.2129290686730549,0.15510699788501714,0.03113647559259145,0.020847200661515103,0.02818208948131529,0.4749985188402073,0.03526328819393552,0.02257196633517049,0.018964394337192943
0.013713724107617677,0.023749288713597834,0.8487260030413403,0.0026767136677750985,0.02412828517572927,0.04674959765016777,0.008242297148328515,0.02610388362427546,0.005910206871167953
0.04940100451625128,0.034402424522861685,0.7711232805332564,0.010863861796337674,0.010382959156002397,0.04829983327280921,0.033781818297227595,0.027486918664729333,0.014257899240524381
0.0272719435122733,0.06086849805566488,0.7613159196904892,0.007464700554289128,0.006387682274238508,0.02154911435049866,0.086064863258866,0.023325672343638873,0.0057516059600412105
0.01490177275140313,0.019756670670835343,0.0047868514150197685,0.003039999740511094,0.0018793233726872261,0.011247095975883711,0.9331204148582666,0.005368832635416885,0.005899038579976201
0.013786309597240297,0.8662551978515238,0.07171419106879974,0.0021709924096987277,0.007450622573570716,0.014269586244355729,0.008110584133148099,0.012325367102195174,0.00391714901946761
0.026157095975310567,0.0606619174570056,0.7159366817295933,0.003763051753084931,0.02738471550489878,0.11178121850779596,0.01703670723513573,0.030517605432877147,0.006761006404297917
0.23617388740465017,0.2504366042392807,0.11546124614558141,0.03555090601937588,0.0374371858296999,0.24346882741531983,0.03602867848885668,0.030970011405395355,0.01447265305184
0.050987569468694025,0.12744756642961708,0.08214537063468612,0.018000218219200698,0.08369297996436502,0.28276529784799914,0.04781466906767959,0.28100889205384966,0.02613743631390885
0.048208424300577084,0.2572684163289489,0.06869144122057161,0.007789606723303927,0.010003014617348429,0.2515460116414113,0.3376471708813512,0.009658235616036275,0.009187678670451177
0.3321303583156398,0.17329403509506106,0.06992364024110043,0.027322335860591615,0.012216127978638818,0.0721689747558674,0.09100820421674136,0.18349548254631834,0.038440840990041074
0.10059057987086803,0.08809908026877449,0.4922904495660809,0.014103339697757943,0.06635305595520626,0.0673772189960934,0.047750831759330994,0.05198701304425929,0.07144843084162875
0.0228180836851331,0.01092798818318124,0.00364986420661058,0.009372268062920974,0.0031771943009363335,0.01981320457975051,0.9214204609097575,0.004473012878226889,0.00434792319348305
0.13101327915167688,0.2505272994380612,0.13379670349971198,0.030859581437505338,0.06043581714473824,0.20823996632789454,0.05794528560812502,0.08672759657784498,0.040454470814441805
0.10232874974046278,0.07309286044305292,0.12846561657499972,0.018788855520078453,0.1708650489485804,0.43048346728114667,0.03177178506466916,0.03334173502848663,0.010861881398523269
0.02105864174066582,0.05097103950455952,0.008893996789142775,0.0019453734370388591,0.0019575768389096214,0.01360719627000995,0.8933395190222291,0.0032053144884600896,0.005021341908984178
0.48079555641741184,0.24787778504755917,0.011531072405617326,0.010490497156825459,0.01254048765724651,0.04045692512835198,0.028551694254641796,0.07589833309342445,0.09185764883892146
0.1348667792016977,0.6034602287381844,0.05101805906517818,0.011771115099906804,0.006273705014130383,0.06347667153422533,0.09277572243958293,0.02186893962486343,0.014488779282230892
0.008807335505393081,0.011769886856742469,0.009697825739219682,0.0008211316000146699,0.0012383193873737475,0.007210577006967917,0.9560461289976611,0.002511181118927211,0.001897613787700199
0.018667250397204002,0.028402594458010546,0.862051096969453,0.0059101642286257,0.0035588115591879297,0.016213205169957612,0.015608671518515341,0.010361318335670763,0.03922688736337511
0.11045351144950956,0.02308580948313568,0.004945042277623855,0.0044089812146113055,0.0029781087673078134,0.015695751562944647,0.8259420417206971,0.00606220010891538,0.006428553415254689
0.047599992091089054,0.03896882457962658,0.05367415034886669,0.01813416736641821,0.11541314577265227,0.6772747865213502,0.015177321625272302,0.025142848090387495,0.008614763604337154
0.012266730355035603,0.019110389070727523,0.004435382083435053,0.0033197312146656457,0.0021728063430587327,0.015189144420000784,0.9365299201587797,0.004719384688571624,0.002256511665725446
0.008081825597997923,0.013837472509065283,0.006236385248461911,0.001322358772590242,0.000966167432727532,0.007141135830129489,0.9573273682324298,0.0026457013163786506,0.0024415850602191548
0.4418745604113659,0.2825379367600158,0.06181931336034469,0.007234072496115492,0.0066734278127505075,0.04967880864677053,0.1125528254291633,0.017555585694660043,0.020073469388813592
0.20561376931969585,0.19568282044146296,0.07648266869871663,0.0874746870975757,0.09155888645533536,0.1486391157324459,0.05651075277647571,0.10461714605320095,0.033420153425090963
0.013205652975296262,0.024923598613202036,0.9185224767819209,0.0025243556750696805,0.002295251420302091,0.011695130580283706,0.008525086005392521,0.015150698605199844,0.003157749343332846
0.14356333213527053,0.35416714827951984,0.08655655811915866,0.025076231980844382,0.07102869750440854,0.2548662889187965,0.029459544418159074,0.021984751000720722,0.013297447643121667
0.06929559606860597,0.11063481661498739,0.4312093003317113,0.012483722294852288,0.10378061017341074,0.18444598984355087,0.06651101042085306,0.013015071363832242,0.008623882888196053
0.3045004940286676,0.4263397726873759,0.02593343254648022,0.00947395414885437,0.014133256290093715,0.04563905349768905,0.1178767726177801,0.01619009737682274,0.03991316680623643
0.07433263467336651,0.02947737932777339,0.010562437345704312,0.0049212699843263685,0.004363262036173846,0.024021375563757896,0.8151811659803901,0.015914252209600466,0.021226222878907
0.04069917816665495,0.8332320460258161,0.024332411384571817,0.005874469695649573,0.004729883729993872,0.021357648969627316,0.04206255840083769,0.012297526950871038,0.015414276675977515
0.26115558119025606,0.2725135242940755,0.13749084654371702,0.01259041017211964,0.008347551317108359,0.03882754161557415,0.10642423622300455,0.06166902799973789,0.1009812806444069
0.029700179158438495,0.04096480851130149,0.03607625385402829,0.008261694777877096,0.27859666833095365,0.5832879664650713,0.011506741937563935,0.006729236457457297,0.004876450507308488
0.009632917241067119,0.005980416489268239,0.003208080874336944,0.0016152504163290905,0.0014102457488556486,0.004523727249356037,0.9644479532905592,0.006560200620384873,0.002621208069842737
0.13225023339731867,0.12500874258451636,0.14107003418787278,0.04798012835912985,0.11385521736763014,0.09869806625907393,0.1491745364008234,0.05679589287314557,0.13516714857048928
0.036985000929549025,0.025201397744425993,0.04154261271988208,0.006499205530292838,0.13564247165214707,0.7263293396636475,0.014638241301367901,0.007801524907927,0.0053602055507606956
0.05848349559188138,0.3038492694125347,0.13909208619772043,0.010997637180159484,0.020049139550766332,0.13206352182333836,0.30033011377049296,0.018625820785768035,0.016508915687338248
0.10174379981797856,0.1252566722495884,0.06723372692644258,0.021331464299181375,0.028677315993967237,0.5779996158333427,0.033288872872196035,0.01883511396326928,0.02563341804403392
0.04360792123255718,0.14606418796131554,0.6225802408358417,0.008333325231978618,0.006125801381290189,0.04130889140898192,0.07509921437240215,0.03780606796094867,0.019074349614684065
0.017855248737103802,0.021553072477135445,0.02206817279042742,0.0032560451145019795,0.09350628568408598,0.8208714566158803,0.008838968202732923,0.005801489369310453,0.006249261008821768
0.24632957948089687,0.2060312489445525,0.15052741964378985,0.05148878612855723,0.02227144071376379,0.08446474045397241,0.11396394803375338,0.07851081816505191,0.046412018435662165
0.07075759056143709,0.10078581166951595,0.023298312277839087,0.008702500972542075,0.005181628979128336,0.025366810451388198,0.7341476359055527,0.019668295593307874,0.012091413589288764
0.6673422953281135,0.15030554444140606,0.014384603839357545,0.009064052225526762,0.015928968434729227,0.039230626607804894,0.014581885822148205,0.044521361644235216,0.044640661656678654
0.09599860123975847,0.0189925061979373,0.004747893090779146,0.0033592434395120557,0.002196118776230925,0.02361989806775769,0.8378193925854074,0.00575457235257065,0.007511774250046406
0.5149190705260266,0.06888960933488844,0.010231234194604047,0.005323650168997883,0.006081066399493671,0.04347925009978483,0.33204217581070483,0.008682622755758537,0.010351320709741062
0.05963310889346631,0.06679858055625201,0.4829844066549991,0.01717084305455679,0.01485813712695941,0.04539087481096236,0.05919360860423284,0.0895716938823417,0.1643987464162294
0.08725351070761193,0.4403616434010994,0.2021256029434695,0.012939846329227582,0.011305043842696587,0.05614887370098178,0.12048785464201636,0.04184246957316759,0.027535154859729426
0.044921547688311615,0.17206415424136073,0.20974224363314195,0.005819290633750829,0.05636125828003576,0.4178366876111723,0.06515486032523324,0.020741898709084515,0.00735805887790908
0.01310861963675917,0.030608946911125763,0.9089092875196177,0.0031611526970415586,0.0027309788366665496,0.01442145836613482,0.011553925812429096,0.011040879634508107,0.004464750585717099
0.03093800837834819,0.8445286576250146,0.03755177010994833,0.004378859569045622,0.0032892782262075,0.01759759635683654,0.019360749181700592,0.014265266474639344,0.02808981407825913
0.015171736628724565,0.0223712641185623,0.880072697185752,0.0030753985186008563,0.0024091177095780228,0.019963899195274856,0.03642703470143658,0.01595606341693154,0.004552788525138915
0.017369155963610102,0.15116421667680843,0.7858118941316751,0.003792694809398884,0.0023563529957942382,0.012433751423545646,0.01706603469895063,0.004835776449194443,0.005170122851022541
0.14307945025131744,0.019151889539885707,0.005603123048570758,0.04175170117359131,0.0035740601324025737,0.023970566971974954,0.7500354253515507,0.006221022660864614,0.006612760869841982
0.04246086558829034,0.18120272174096405,0.6691985335569539,0.006521602838132683,0.006473361012531496,0.020897220248465787,0.01475558634500599,0.02930091500963623,0.02918919366001968
0.5714555440160285,0.13777459725615743,0.011757185857467203,0.028080390608104,0.009462874118176428,0.042675882113018496,0.035576494253848824,0.10598809606612337,0.05722893571107586
0.3409498272050574,0.22026349894982258,0.05295800102796023,0.016803204541658873,0.037713844092862,0.25633545551296355,0.026599840559485968,0.03120764755647255,0.017168680553716772
0.15965711554078088,0.07643788455107814,0.028689749694222517,0.010727989456067004,0.006252479460152228,0.03452508430478664,0.639035510687524,0.018635494223805345,0.026038692081583336
0.034424007648849946,0.011257971453377175,0.0035835017720290464,0.004037117435827067,0.0017110960218603866,0.009060132514792207,0.9243309158833326,0.004548742385973366,0.007046514883958271
0.06216285736446074,0.12159921980205171,0.6519593143231256,0.011546597948430007,0.006184987925665136,0.034081866652384094,0.03637449051672014,0.061824399435526776,0.014266266031635796
0.048638405488739586,0.03909035593777372,0.05142650224966025,0.011006933083092972,0.38273003538855616,0.42599067230271165,0.015155593793333064,0.0196236775615365,0.006337824194596123
0.7089307724681182,0.14797238859468273,0.006487021037477223,0.004005289289715108,0.004007057620525144,0.02773906573262761,0.07855356906907612,0.010590554647760375,0.011714281540017515
0.04681817020366546,0.027152397778487658,0.021076634175746758,0.0022137249830204543,0.002072774333827602,0.017045285815851897,0.8710120924027607,0.00578310816314156,0.006825812143497896
0.018015937815269233,0.01693235483079965,0.9016506286027413,0.003317671394293423,0.0026158780503689498,0.015504301657883744,0.00949065782492499,0.029046151876063093,0.0034264179476556664
0.025793897714424585,0.03625715446525322,0.03434059501047057,0.008381354515521121,0.11667387673868145,0.7518778185003829,0.01483029657038828,0.007892045976806997,0.003952960508070995
0.02540369263074303,0.026774160796428997,0.03822125605356916,0.0028929809616571865,0.5745293410581032,0.2932206093592055,0.020817159544876826,0.013694309210751023,0.004446490384664867
0.11349094239856854,0.35516606570496423,0.037353182391333756,0.05858806115509593,0.0226815993250776,0.1311774555360288,0.21742075985790602,0.030945520538687536,0.03317641309233777
0.0946820407517643,0.133226003251809,0.2062077512175176,0.013020839728395496,0.24505802692715614,0.25444833198179734,0.02679278481786137,0.017530307290705368,0.00903391403299351
0.1194018929250478,0.6445355346501016,0.05208616387920264,0.008331142570572523,0.006283168599888162,0.04034458052780032,0.04857949907683987,0.0452877653799513,0.03515025239059577
0.04888783438665926,0.08957331907759654,0.14042256231142528,0.01543706126176367,0.020791648039186716,0.08360731251999408,0.021620396660348262,0.36168710205690435,0.2179727636861217
0.016782700027759133,0.02400515951168674,0.03422147619646368,0.0034025926895627323,0.2823580724479025,0.6156934388175631,0.011481741599248477,0.007555933141227334,0.004498885568586259
0.02318408789970615,0.15651746237781586,0.6936750508769243,0.0058515058167165806,0.009606363476325736,0.04554744551287075,0.02220985850962958,0.03596833320572008,0.007439892324291004
0.045672335066163985,0.02044703305621094,0.005468764698734303,0.004080010022128599,0.002118932893261834,0.016211135087688455,0.8939039819419072,0.007052836041758906,0.005044971192145795
0.15096547814697725,0.23230189367604492,0.09422416386102907,0.008159298306682192,0.010728272441889439,0.06994895675396087,0.19483808613894227,0.046871722905921676,0.1919621277685522
0.03503853061004858,0.4351819045872178,0.10645827802214983,0.010302474729817131,0.14200729995244543,0.21076301318388324,0.03542338276673031,0.014753259288531878,0.01007185685917591
0.012180437057829537,0.0175402792048008,0.9112498947128814,0.0032302674005831324,0.006207159570018403,0.029381197478514746,0.006361314830669984,0.008416333612138605,0.005433116132563265
0.21179538061109637,0.1829380378761163,0.03765906902645998,0.01875011439296124,0.02908759277925159,0.4657953699878452,0.01605564969877568,0.021366936502102654,0.016551849125391278
0.07204899164511172,0.14995033614694392,0.5308035854889713,0.008112457494044012,0.007349395612600419,0.044767513538284155,0.03393416778489022,0.10313099570135646,0.04990255658779765
0.033927873514903055,0.040369420484222936,0.10357135853285264,0.008971288313094657,0.3794054650597701,0.3925942911879862,0.022010324531654888,0.012182199613418192,0.00696777876209753
0.024390699819568828,0.023555106820740086,0.013106065235905923,0.003513940651133217,0.008261618976922628,0.0552958439451712,0.8614224733322268,0.005710626871539311,0.004743624346792107
0.051494482843742626,0.07650318599243955,0.01296942164520226,0.008470015712505375,0.013492809671112492,0.03203707153142721,0.01274551674867116,0.7455743205662401,0.046713175288659335
0.0696375104418893,0.056650268706998755,0.0490451155890889,0.013625515206593565,0.25069501591492366,0.5144898922146649,0.023476793926818545,0.013647565109352987,0.008732322889669396
0.09353351817345495,0.15847942004957163,0.14714663497702132,0.021291441048717243,0.014017975835052822,0.07874297311200651,0.23623222268411742,0.04252191302503319,0.20803390109502481
0.018365818291374417,0.01874674246345102,0.8566424881041985,0.006293553020290427,0.006732589617380297,0.0342513595498177,0.03031606919322488,0.01663753700638996,0.01201384275387289
0.0435397255277501,0.13713715500882712,0.11457913877545634,0.005299296882533928,0.005721580820069772,0.029523410448936,0.6089324047453079,0.03626009318799663,0.019007194603122397
0.02463417984768943,0.028634974203703194,0.03808254445978101,0.00336266488092381,0.018661227075151724,0.26267658969870794,0.6092374691794565,0.007752638090239036,0.006957712564347269
0.05489310403005107,0.07146300250266749,0.03946467352763553,0.006362358778476357,0.0801659935164548,0.7071782511112633,0.023290482917499623,0.00994917770868969,0.00723295590726213
0.03549436279044096,0.03210195961584007,0.031977591090898025,0.0033326162950254304,0.003164509398327403,0.012086664653330456,0.008981348041675672,0.8656428317188641,0.007218116395597818
0.03345736224047717,0.04536594112755307,0.05216381125419953,0.006869552723179446,0.19966022822447851,0.6155222580995241,0.022748694993559943,0.014902063790012719,0.009310087547015485
0.017715104751894528,0.03880710107935221,0.865220335947847,0.0036104341725924764,0.006085508959359052,0.033202737429204765,0.013609080621310369,0.012666971633879677,0.00908272540456008
0.11591850417943349,0.0720443149256953,0.07784595255529582,0.013561322265390625,0.1693357134284988,0.48517677491910294,0.02527943252707297,0.022506809606324056,0.018331175593185967
0.04134373406073394,0.050938612168751826,0.5006896915472802,0.01079275423161414,0.008219781850187277,0.04415626684113786,0.033614108651867675,0.2843008666779068,0.025944183970520326
0.05630892912747235,0.5586990591941349,0.08524743182175128,0.010881388515456393,0.08236612919364199,0.16091731052685446,0.02602579973591505,0.01246798637518049,0.007085965509593046
0.022372447496679142,0.06504511870503994,0.8228328880559244,0.004325843559757475,0.005508275262102979,0.018813534699547784,0.013477458444346436,0.03788527746353483,0.00973915631306705
0.26069987376475956,0.09572021736136932,0.05259370286025616,0.01855721361058986,0.035391629421162876,0.12136133863146917,0.03171665605291512,0.0454698454602848,0.3384895228371931
0.01758629480435166,0.021259977385167963,0.7712216563203914,0.0022248412885942748,0.004394110703178916,0.020430225458804158,0.008193880105574739,0.1495057188746244,0.0051832950593123555
0.08557773977305783,0.06661075724854547,0.04643918141428628,0.010945032932296195,0.2329679054026773,0.5108478954836755,0.02989054349687886,0.010741923067877662,0.0059790211807048835
0.10564403057788134,0.08811160484603925,0.07425990585260747,0.013899054340575845,0.18922282742703928,0.46247402177628394,0.034807584348695755,0.0169900099895781,0.014590960841299025
0.005853143974653401,0.006462984681899277,0.0028892763991405254,0.0005966106683530914,0.0009979343562730733,0.005047110793169944,0.9755695025563932,0.0015215535053437442,0.0010618830647737222
0.014136600039265592,0.034702107993617545,0.015920044098910548,0.002816960242655549,0.37068846620584733,0.5418237426499076,0.011363496817258853,0.005243857540114624,0.0033047244124222966
0.7446369380965174,0.10814675895697212,0.011651706768471755,0.018384820262593436,0.006248379981826239,0.05794674618443969,0.02366017357930427,0.016943274209884795,0.012381201959990448
0.019530292978577345,0.031230857763474867,0.3026803378932116,0.0044183581609190635,0.47720450853310425,0.10687288059211505,0.023201309156916466,0.029599108908214135,0.005262346013467515
0.03137530288520779,0.007060475817843793,0.003055159492293273,0.0024194963377704593,0.0014783288525860418,0.011684941600068775,0.9334803368119772,0.004705972363760322,0.004739985838492388
0.17659557703664414,0.24337814880822706,0.044724765874997116,0.05931273521016991,0.07846910086167264,0.23953859872794442,0.03724997016274549,0.09995283473012319,0.02077826858747599
0.09245638365930989,0.06145343980702572,0.3209587898338164,0.013634705481460532,0.13432460375620722,0.26429679409044604,0.05035286008143978,0.038949111476945825,0.023573311813348697
0.04973270273433743,0.051061406691303685,0.017651307551876657,0.009000631811873777,0.026283091548300545,0.08215859019539332,0.726217462143303,0.02009683346359918,0.01779797386001254
0.10248609321041996,0.2045628273576176,0.12010205355720013,0.01938260255404626,0.017377298252989132,0.45571748756090663,0.05731490059603402,0.016047708596333105,0.007009028314453252
0.029079109628631705,0.013539148894177202,0.0031441735056252085,0.002660043253198276,0.001878062143148215,0.007502225173806552,0.9237296250515561,0.011421140412102971,0.007046471937753847
0.023845171342961168,0.027814955036533237,0.007237603729069884,0.0019784732293922982,0.0022910243205347546,0.011425416384568178,0.9145830993885353,0.003715583829244098,0.007108672739161175
0.06828855667657811,0.03486696583862418,0.008020128041826047,0.04369661956957354,0.004367221331499091,0.029146415172240325,0.7846539388606225,0.014932033254547282,0.012028121254488912
0.10704622699683893,0.25720866145293747,0.08425907674487423,0.0814709469557911,0.08695727457618317,0.2962204303686132,0.02364049537691665,0.04386098666530149,0.01933590086254369
0.06890653137810157,0.13941607023804015,0.11718776482879305,0.018918036258430602,0.007706444283738586,0.05908430949769969,0.5243074434900024,0.03489787486353965,0.029575525161654227
0.026006342544962473,0.010370412900614155,0.0028897093223679694,0.00280481305050036,0.0020176638505426695,0.007155365768805364,0.9386360093717857,0.004753459225739852,0.005366223964681566
0.05660864450765872,0.03639573745811738,0.04623349274605134,0.011426534896790795,0.0903152231538737,0.7125304150861098,0.028566453001217344,0.009488075301675709,0.008435423848505076
0.27511723498524426,0.058131662494836756,0.5858904422703537,0.006596760715803455,0.008776391953756745,0.02046290218593531,0.01601805499089037,0.017080561782716906,0.011925988620462541
0.09443828489214193,0.2143143212876646,0.19349095752438009,0.012029884468330858,0.024912677533304284,0.06609480603453882,0.3538836002070278,0.019256279770011767,0.021579188282599908
0.017333282293032073,0.019742432736670243,0.6099499085391302,0.0042044583232678295,0.00923721563339658,0.017732648490979892,0.008865570411545095,0.30627688546688897,0.006657598105088997
0.02347210623893132,0.009506030136867696,0.0027006253996610316,0.0585110746614265,0.0026632133920100284,0.016034403239848734,0.8790295768704766,0.004559180217636693,0.00352378984314154
0.03176811822080919,0.022701270366607504,0.030734692579289048,0.004350385627965763,0.09532745367754224,0.7602559794241622,0.04438617124190534,0.006389659814327351,0.004086269047391305
0.08064933652909685,0.025541832361973025,0.007939248039919435,0.0029761523361891856,0.002724693557319267,0.013899471133979642,0.837812207101297,0.009409146373632556,0.0190479125665929
0.008634447572251493,0.0331343943314721,0.01902974220970024,0.0019702598433071886,0.001366005576228699,0.0094495746415072,0.9169140802368451,0.006640455436973017,0.0028610401517150676
0.12291187641759707,0.2709870691400007,0.04791422363750166,0.018699473429769624,0.04843103653082843,0.4501704578449826,0.016206889606129947,0.014699927050569486,0.009979046342620358
0.08409301875332638,0.08394628343448925,0.0236083763307219,0.032024487225338794,0.07107998707106734,0.652817224573422,0.012997178237408251,0.026376544251834815,0.013056900122391324
0.0962160962368262,0.08078387176675939,0.02424073537520301,0.023492230902787386,0.015967533916963463,0.05492205375232702,0.5633072417037843,0.03361034182606304,0.10745989451928632
0.023983103140849955,0.03538992265707053,0.7400295545134653,0.004568755151521525,0.021928615449659048,0.02420722007990748,0.01260899912914516,0.1296525596009631,0.007631270277417835
0.12148217300561787,0.0812213533993197,0.03101015403121931,0.024777723489010674,0.09147267110394429,0.5940648862717686,0.025575029323049617,0.016660875683937214,0.0137351336921328
0.517665177566753,0.12463058586488766,0.02074528156461949,0.008277612716325225,0.009338894959665727,0.12814209533904783,0.1413506653698832,0.026960938332915713,0.022888748285902198
0.0441032714444247,0.065783973487168,0.17057718959040843,0.0037093302894596353,0.3234814853282061,0.32633632281982505,0.042096331740177316,0.015648898094695777,0.008263197205634962
0.281257628872571,0.07925850297298441,0.011769450911345557,0.010531853799522612,0.009052236659727514,0.031507339475814675,0.06758402072108913,0.042051720346652506,0.4669872462402924
0.21879461223906718,0.09354445504055654,0.06272250656535269,0.03552630921259473,0.06587463263454565,0.4624992133370911,0.033819870115509916,0.01563068230274907,0.011587718552532997
0.0646643378622161,0.15579812633871895,0.04131013436205184,0.04986842117812996,0.04247190644520859,0.6032621547935002,0.017100889426688592,0.015082169399510428,0.010441860193975354
0.3130687133411001,0.45111510738265026,0.026484305820665317,0.010778558448104152,0.010372149564468943,0.05767727738129888,0.05056604941754779,0.021349034323564754,0.05858880432059986
0.020842641222771803,0.05427556034370686,0.8665091029166796,0.002803501509306801,0.003076976071218115,0.018707546514192555,0.021202995591922146,0.008077076792144712,0.004504599038057389
0.013794657839815799,0.01870800365834281,0.8837161437269656,0.0040950238679376035,0.006014117301015999,0.01467135356259265,0.0096626400858022,0.03811761199506859,0.011220447962458703
0.03612758673369397,0.12262152905806281,0.44319430324716175,0.014732479506106604,0.11531643563567764,0.18939893790123424,0.02847253256681282,0.03528379168520958,0.014852403666040606
0.0455086129000562,0.21839780640685835,0.05162734433142183,0.031264965456088256,0.5067089298466252,0.09086973356244768,0.022672204693361092,0.021361155978899978,0.011589246824241279
0.19078685942468354,0.10632721796853065,0.11349426729147402,0.04068022564293221,0.08392204037356671,0.3624974906464936,0.05396331813075304,0.03283060009311184,0.015497980428454272
0.03250218948560965,0.190964238906962,0.6555781158570659,0.007490286779222178,0.005427924021782799,0.03094460175881883,0.0362245326502629,0.02830404366510726,0.012564066875168447
0.8140923300144808,0.080785540772004,0.007083771558008757,0.0033792907822667562,0.004405717266105672,0.05323196979808814,0.018063632312119486,0.01148552511822693,0.007472222378699691
0.027815319400385664,0.04861987051277636,0.39138340831191726,0.007634960465923619,0.005957723754568478,0.02858857885014638,0.014360085781061124,0.39981194981243245,0.07582810311078872
0.8603472536318351,0.046235237756891534,0.0096913532358754,0.002944613352603945,0.005604496283940252,0.0407290102494724,0.012332699781231934,0.015282786489487053,0.006832549218662398
0.05614716740265591,0.04253932134126056,0.7801715023620153,0.005095989388684856,0.0051555226088193995,0.024821384618451733,0.04213384459705707,0.03605617262907623,0.007879095051979004
0.03542098229451668,0.4814739386185955,0.3486606670785531,0.007783072190245577,0.02017771341241266,0.049039560388362616,0.03067635268480689,0.019359536496054267,0.007408176836452649
0.20273330460338035,0.2004015946759091,0.07763186260860874,0.012054516163063309,0.031955147403498314,0.3935429577997254,0.03863816849432242,0.028560647891587698,0.01448180035990479
0.08507824269817096,0.14812597333462338,0.05595771437267382,0.04704655653282906,0.1114845662893419,0.46951555219460017,0.04085849226591469,0.0284532802712933,0.013479622040552464
0.016590255688457272,0.014024051238822475,0.8520261207796376,0.002672020248873661,0.023880365103111263,0.03919155201044886,0.006354919602955529,0.04284770076632457,0.002413014561368907
0.09681654240821157,0.094536029595713,0.033650126196981864,0.01713293313000833,0.054357424319801374,0.6444905870538478,0.02872404887497039,0.019160046051262248,0.011132262369203406
0.009650832599454864,0.019032424746562224,0.9136555020045966,0.0026524019852779013,0.01870835605773937,0.01597182919305122,0.006231355503904565,0.01074150732403542,0.0033557905853775056
0.02002339728615943,0.023837865065565095,0.859808926480756,0.004231037093846448,0.01093803905772834,0.0372642048108376,0.011981480326272479,0.02445185463183228,0.007463195247002327
0.013990680627137538,0.04906673187952712,0.025133672238417077,0.001505690027862504,0.0028405885830576844,0.011445839022813044,0.888965768159439,0.003776666876917039,0.003274362584829139
0.042463030281672844,0.062443609197957,0.05957686817073183,0.005872994358985746,0.03639737490757827,0.13475869622082703,0.6439431188743984,0.010876773571289357,0.003667534416559548
0.08754781753090624,0.27144108405704453,0.1705874724144211,0.0076408779421017125,0.09826199732828308,0.26597497747214804,0.042335146811384165,0.03371811825455628,0.022492508189154766
0.07722378543451129,0.1272236418174444,0.11892711828290636,0.037351969371768046,0.13798340532149755,0.42648538238672246,0.04387219131772886,0.016279246079390585,0.014653259988030626
0.082803168065632,0.7556833310021025,0.024537091981111193,0.004132183041558685,0.002749863040090332,0.017956496808540907,0.07501381230884582,0.014894268777697716,0.022229784974420776
0.033747391309928154,0.2677365513213956,0.3696568756409176,0.0039034804933074335,0.1168686984316363,0.0938422115230771,0.01588670931568882,0.09127609737166484,0.007081984592383914
0.01947787485228511,0.05285900886352832,0.11327632090733981,0.0026434592345991157,0.495419647546804,0.2868236188892519,0.016061241531505215,0.007912068821403804,0.005526759353282756
0.04526985119296419,0.0359495355681858,0.053389176700254726,0.01249034274647009,0.1555041314559901,0.661470675096859,0.018621130898853942,0.009655959199810172,0.007649197140611999
0.04151378525300628,0.040241781658528285,0.01815472603458133,0.009394601763611583,0.061086236535879815,0.8031723193433411,0.01276474169870827,0.00853735403867504,0.005134453673668284
0.048752797632392215,0.162984367848161,0.4939943060953517,0.011831856052140663,0.04687583735293538,0.15166308405569204,0.027391641938849617,0.04359426066205929,0.012911848362417865
0.01211597230677081,0.1414842039993645,0.004733737799537421,0.002946702225703324,0.00131265359550546,0.007915938307936183,0.8212855020571395,0.004724525646224339,0.0034807640618184648
0.09170729837593251,0.3896330733280813,0.09251256472541877,0.047242524323463264,0.029522398475607458,0.2813618286782723,0.038027406551309664,0.016443572478977028,0.01354933306293782
0.356795150290734,0.17107111487762874,0.08123841401741819,0.028501411667591695,0.010681123036355959,0.07498506467928735,0.19340785869031227,0.028770076312595556,0.05454978642807615
0.016831395037274155,0.043080450754171974,0.8049455487097193,0.004406148195552132,0.009743830849577606,0.09150789706238485,0.007626159278508735,0.01885780070861171,0.0030007694041994564
0.02070322113062555,0.10668363797567161,0.6984216002678892,0.004121456846074218,0.02201746348642347,0.05953786809406151,0.015116291864635664,0.06668585448657988,0.006712605848038829
0.013238479746739433,0.01825116225683408,0.014356590278209116,0.0013873235478629364,0.004991308350168466,0.031159926947660163,0.910622798607989,0.003230398651299064,0.0027620116132378325
0.026703626703298268,0.054145906163081396,0.06949146932957974,0.007537679230593246,0.2548042907428924,0.555480001592166,0.016402839715918494,0.008256049249712563,0.00717813727275787
0.07397053900579459,0.05707119802317418,0.02297397143098183,0.014794609795639232,0.029937398985010542,0.7600640557702733,0.018326646697276263,0.011888737322226818,0.010972842969623496
0.030640694321960045,0.040617184818530556,0.08502692525777188,0.003312202019523299,0.46658118300072066,0.34300011399532937,0.018251472033166585,0.007879633674626376,0.004690590878371143
0.06263872078744444,0.033365827663223095,0.048514595684079974,0.0053435690805002534,0.21641176927280037,0.5936012571018419,0.024747712646675822,0.00887882172278815,0.006497726040646058
0.047942575740718495,0.08187564212071491,0.04140457165639595,0.03351414925202064,0.04407577140078448,0.6975030435042867,0.02404057043856273,0.023487646567851784,0.006156029318664388
0.06294687499713458,0.29150417934684625,0.2498191297240987,0.009846676063859416,0.014628291007390918,0.05998381323027323,0.27588585554416806,0.022653404268765505,0.012731775817463289
0.022175076166201253,0.16938389898052328,0.526597779928472,0.0049316571068758605,0.060101386816997955,0.14193194628337563,0.02616603565106395,0.04010247194164027,0.0086097471248498
0.03575114712467255,0.0351899817835256,0.11051844800814749,0.004638085878486703,0.5521770601239496,0.21669306540594305,0.024845361739471383,0.011728733319590005,0.008458116616213741
0.019471224698252375,0.023573181920400952,0.034263443534819936,0.0038704384829002887,0.3124993789969607,0.583826318161737,0.013072459685356834,0.005628788042690781,0.0037947664768811945
0.1092624638648678,0.1336312297530934,0.09441447661120624,0.006496553704429795,0.017055332489007514,0.06128563506150546,0.04062661862169866,0.38701405522533794,0.15021363466885318
0.025859694129235986,0.09697127988106866,0.07575337332572668,0.005866674646594446,0.13129378545256964,0.1611032420005672,0.4858002831278047,0.011055008792683549,0.006296658643749225
0.03323083383189406,0.020601260117797216,0.0088647792421526,0.00282472688895478,0.0019180440124160127,0.015289699976968442,0.9000364733778706,0.007061667106213814,0.01017251544573245
0.7671726129144346,0.04881482169595033,0.01888851978340312,0.005848107900847033,0.010735840996014264,0.12219143245721059,0.007703220005584361,0.011321545937776853,0.007323898308778887
0.6406131167952835,0.10908971513430112,0.0567972720658158,0.023328185560388442,0.03645047274207932,0.04326826932095343,0.027714602123136672,0.01798570942121995,0.044752656836821884
0.08105713593464921,0.22929413816889616,0.08199086862063831,0.08103335749812268,0.11715767908683114,0.2416195395248962,0.031162838204890207,0.10933726701610842,0.027347175944967612
0.8190485830956961,0.06900068100450692,0.008284307916854779,0.005125871992825567,0.01329021644181691,0.04615390342702147,0.011257355104805095,0.018178775534043217,0.009660305482429797
0.015552129344810895,0.014615411009159042,0.9396400838830167,0.0013280881853228216,0.0019066536659738161,0.010686794264463572,0.005732638751537755,0.00850742597375895,0.002030774921956595
0.02375605411273375,0.04210972371913519,0.8677778004664131,0.007954564868311198,0.0028333844853295227,0.016898019994011665,0.016473141558900173,0.01669456217245642,0.005502748622708949
0.01806419870014926,0.006646032170341921,0.002053378355999568,0.010052215298917026,0.003097061616409305,0.007982383091464675,0.9466449899176791,0.00267608413720431,0.002783656711834718
0.7784798842988654,0.1523688422064158,0.007533109860008668,0.003236845617234716,0.004878511248274056,0.023187544382646835,0.013409384561408343,0.007644653450076812,0.009261224375069575
0.12570410778789706,0.21848139773143158,0.11720610751037971,0.04338927822298692,0.031196945093805422,0.23944413935012093,0.026267008050484902,0.15293119047120038,0.0453798257816932
0.09578468251148758,0.08049688448966691,0.03668418156124232,0.05717390491539278,0.023526979369290615,0.6573469940246917,0.022643848109224415,0.017016621900775557,0.009325903118228162
0.29472976530203077,0.1077133618792748,0.04227591299632246,0.019216161838019278,0.017624427216432238,0.43450002859614206,0.04155426641450415,0.020521825377271062,0.021864250380003173
0.06995946198501582,0.09175795499282993,0.07155946698603055,0.008399005342289751,0.34794423572125166,0.3524291799782006,0.04092206613738965,0.010756780435165364,0.006271848421826668
0.08046136545791273,0.35754853803228287,0.2840443291185768,0.004943942133084235,0.004330884573139487,0.028176333544145504,0.2046315666265126,0.01895648094730085,0.016906559567045
0.014732776057954824,0.028156417006786543,0.7892897242733046,0.00321492921275331,0.006041131077338204,0.025478808040883226,0.11258009314089613,0.016682927598840387,0.0038231935912426776
0.012050281607323597,0.01296601779345964,0.03572243964165064,0.001029255658667422,0.0038581498250445244,0.011850492572732588,0.9185349465449848,0.0024099460638960287,0.001578470292240936
0.38894256209589,0.38855888059241667,0.030480837261643405,0.014234912496715078,0.01575332179192335,0.06931128453843051,0.043417733997508645,0.018484681520365316,0.03081578570510703
0.2080131970542051,0.12147399084071991,0.06574123640679744,0.029089393104134633,0.009866526884454807,0.06611488600032879,0.17910388668143962,0.2879584665774821,0.03263841645043769
0.026707057962599277,0.1358959149920531,0.5634656517228167,0.004336636364830229,0.04317046628870297,0.09220756155673604,0.01845762679066233,0.10652763830041706,0.009231446021182296
0.09308885449647783,0.14926724266125757,0.04327416175445928,0.09315675188839961,0.09887887116907929,0.4538877154618252,0.03894137953161046,0.016783202154133054,0.012721820882757584
0.040177588177434616,0.02797074208568869,0.08995314195564229,0.007333486610595788,0.4737216013264978,0.3269602448968753,0.021162335030364545,0.008164437393750978,0.004556422523149646
